117
119
120
121
122
123
125
126
129
140
141
143
148
152
153
155
157
162
169
176
183
187
191
192
196
197
204
206
207
210
213
214
217
218
222
229
230
232
238
239
242
243
247
250
253
259
263
265
268
270
275
288
289
297
299
302
306
307
309
313
314
320
324
325
326
337
338
339
346
353
354
355
356
360
362
363
366
367
369
372
377
381
382
386
388
400
401
419
420
421
422
432
433
435
441
444
452
454
459
465
466
483
856
841
839
838
836
827
822
816
815
789
783
775
764
739
725
720
717
706
696
687
686
682
662
651
649
635
627
626
622
619
611
610
605
604
603
602
601
600
598
595
594
593
592
591
590
589
588
587
586
585
584
583
578
577
576
556
545
544
534
533
529
523
515
512
511
501
